100
2590 -21076
-18578 -25552
-19888 21406
23914 12550
13556 -26811
13810 22065
-14949 -9989
-23416 29125
-5888 3626
8799 -2776
-15264 -15603
-14154 14637
-26529 19131
-10252 9993
-29312 -23323
13541 -19416
-21193 -27406
-26270 -1186
14688 14509
27653 21266
-13682 -11377
27572 29960
-1568 17313
25047 -5426
-4636 28946
7252 -22194
-29013 -15313
20669 27632
-12417 -20048
9643 -16604
-13262 -23476
12507 1322
-6191 -14271
-26791 24620
17191 453
25473 5570
-24956 -25335
5974 -24339
17824 -25335
1969 -23948
-12054 -15621
-10296 15871
-21473 -2138
18223 19546
19728 5276
3695 11973
13129 28464
24249 17222
26832 29119
-24966 -6165
-29153 16842
11282 -7744
-9157 -23264
-1706 11295
-24959 28708
2837 -5287
-27341 -26549
6062 -2368
-19959 -6603
-18082 17479
-14548 25768
4673 -29631
-20632 -21510
-74 14939
-512 15179
18076 7687
25089 7178
-22160 -130
-4937 550
-17548 20332
24604 3530
-14237 -17294
25151 -17915
28611 -2866
-27196 20606
-25254 24843
-3992 3835
22600 6201
-3610 -29893
-26958 2162
-28532 4734
2848 20731
9914 7009
9159 -20462
-14434 -20342
-15674 -13842
9595 -5718
-10871 -8664
-13345 785
14831 22786
20806 -6236
13696 -21560
-10212 17304
-16551 -23171
-21269 29369
-27598 -24491
-10517 23678
12384 17855
7481 8775
17646 3656