1000
-6470 24227
15702 7593
-26774 1658
14641 -20973
-22937 16916
12609 -6552
21851 12738
-2216 3347
25506 9211
392 23901
-3796 -14453
11453 -7572
-693 -19207
-935 -979
-2145 162
-9901 6614
-3922 24454
10715 -14325
-10331 -12716
23248 -24057
-22822 -12789
487 261
-13207 7263
-11513 19319
19985 -28262
-28006 -6614
6412 23126
-18559 23059
-24268 -28981
-20140 -17031
-12759 22736
26435 4116
27167 19415
-3686 1518
-23371 21154
4989 10769
29403 -28505
21279 -3510
27416 14833
-8541 2261
3812 -8361
-27062 -1015
23576 -24018
25006 -29808
-524 24651
-29045 9949
8935 27818
-12650 5084
-23767 13225
23729 -26217
-26907 -18907
12141 10364
-12267 -9728
5030 7988
20782 -24719
20340 -21613
11719 21554
5918 -15789
4046 -6518
-24413 18055
-1714 5765
-8446 -28703
-26339 8908
-18621 -5593
16580 20305
10254 24386
21422 21495
423 23767
12673 -12548
-13597 5893
-24619 304
28038 2947
18097 19163
-28748 -10004
-13031 -9302
2307 4487
27973 160
-29676 27030
-20941 -14366
-9874 21928
-9853 -9956
-5944 -29517
3135 -23527
-23716 12040
-20454 28586
-24764 -23226
17169 9175
-7882 27015
27846 27804
-4546 -20780
13056 24864
-26053 -16155
-27822 11778
-19436 3125
22856 -9113
28428 1381
-18155 28870
23794 16637
15328 -20964
25677 -29293
15187 12538
7530 -21336
-3968 -41
10882 -20722
-28406 12861
7739 -11688
23027 -1598
-584 5511
-16442 11329
-17229 8363
17413 -8829
-17229 -20943
-21911 8718
-8333 22322
6349 12227
17205 9563
17483 -613
-29592 -24848
-14332 -6174
18545 -11494
-23233 19196
-16667 16531
-15640 -12424
-23496 27526
21821 -23049
-1737 -15288
9607 -2600
1425 28999
23292 5026
7775 25464
27418 19265
-1907 -28401
6248 -14473
-6474 -8894
-22908 -3183
26623 14260
-4863 -6557
12573 8003
-11589 19654
-13459 21151
25746 17521
-13314 18944
20098 26547
-6522 -19979
-28952 10354
-3248 21853
-686 -17818
418 5247
-15741 -28678
-18690 -17853
22422 -17390
-29554 -6589
27822 8815
13188 -22416
12480 18068
-19135 20865
9466 -8318
-20961 17436
21665 -24502
222 -7727
-5171 6207
11711 19916
9746 21560
-20613 -22103
-14015 12983
-2273 26462
2641 -21457
5476 8078
-8351 20413
14343 12808
16083 12467
-5297 -26083
-8756 29679
18786 -7351
-3005 1006
-15415 13876
-15436 -28335
-18321 -21397
-27365 24800
-29193 25328
24806 -10161
-21332 -21282
20132 -9260
29998 -24165
21586 2081
-4634 7556
-23790 62
-6154 -25615
-12440 -7240
-6024 -4740
22291 -27762
5160 7694
-25292 -7823
-24295 -10329
-19339 22828
-10974 3634
21543 -16629
4904 -6451
-1827 16798
-6733 21796
-4012 5691
-17632 25863
-29958 -26675
22359 -20200
-15510 -14953
16194 20435
16240 -24039
12764 7085
-15763 27
7882 -28840
-22537 -17600
1880 -20058
-20666 -21102
-7778 -26858
-367 15493
-11466 -24609
-4358 -17982
22229 -881
-29506 -22131
-20264 23322
-14648 28297
16269 -29488
-2022 -22307
16065 13618
22501 -24205
-27678 18443
-3149 -17256
-3797 -671
9172 -23943
-15068 9946
-20331 -11154
20902 -3815
-4372 7937
-11912 13358
26844 23344
16327 -22305
16072 -8358
-4275 2868
-28245 -9548
-10066 11399
6489 -10427
14150 24551
4950 1854
-27982 -11056
-28512 686
-8811 21953
7204 -27310
6428 14576
-20363 -26599
-5740 -1674
-17022 -3150
27498 -17856
21484 -4102
20449 -4853
-20362 -29486
-28928 -13747
21988 -17084
-10037 -22562
-2790 2196
-15325 27775
-18321 2041
-4938 7314
13144 1266
21621 2007
28898 -14545
2597 -20711
13217 27394
-7921 -18338
-15381 4315
-27515 -29494
-17478 3496
-28055 13834
-2089 -14128
9859 -17464
7278 -10438
10976 6598
24967 -1030
17249 -8594
6657 2466
19852 -466
-11588 10840
-22011 4083
-16255 -19714
-10221 -3873
3306 5656
-743 -11999
-22016 -18479
19745 -9389
-3682 25242
12759 22258
-6663 21903
4280 10790
-21859 -28673
9023 -5784
-20185 27104
-17713 -29697
-11441 -4730
-20097 -21195
-16488 -23821
-13588 11521
15026 -24202
6846 23202
26836 16984
28721 -29906
9614 21786
24690 -27261
-1407 -3687
8208 19942
-12999 -18370
-4746 -22570
-2143 -24606
11227 -19122
-25719 -7408
3315 26586
-23985 -214
-4156 -21765
5702 -2329
-6142 1334
-16037 -3806
4821 15647
21363 11260
-10953 19500
15076 -15946
8905 -24399
-22008 -25075
-11039 17613
12533 -8953
-28091 -1857
-10448 -14929
-14100 -26502
5514 -14337
20347 -13654
1227 -28338
-13393 -27863
5326 13565
-23148 -3563
-21536 13607
-3311 29645
-4027 3122
-7493 -3424
17596 -28047
-27339 -15458
16068 -12718
-24174 -10541
18799 -15667
23209 2909
1229 22176
18114 -6302
8149 -15141
13281 23860
-2832 2303
-12592 27762
14862 -12844
-343 17259
-29879 45
-27293 -6309
5032 -10643
-25795 -28549
19998 13874
7922 21105
-21384 4040
27165 12649
-10125 -9916
-4166 15539
-17715 -4431
7116 -22473
18117 -9991
20507 -1196
691 -25737
-20203 -2067
20788 -1997
25087 17647
12619 -6603
-12440 -20182
-26527 -6366
-19569 -26576
-8914 4041
-18160 -4635
-19550 -29032
1936 7394
16527 19157
13043 6536
18980 -18918
14187 1847
-16319 17201
-15444 -7872
2521 -1360
23060 -15047
-20439 20172
11760 -10184
-12651 -1408
-21139 -1520
-13335 -13350
9894 706
10701 -29287
22448 -23743
-23223 -29642
18714 -16481
4722 28915
23282 9072
15027 -22218
15569 15101
-20241 -19634
17467 -9952
23723 14249
16259 -1919
8983 -20050
4905 21238
15792 14425
-20168 -11727
2188 11529
7260 10210
-21630 -21882
25179 10400
26442 25652
18060 8331
-17314 -24086
-12355 23963
17070 14141
16167 20564
806 -23493
-620 26116
-19431 -25473
-4229 24391
15734 -27698
-20500 -8662
-4076 8195
15744 5009
-27489 11003
-1051 16555
7149 -6196
3625 28531
-17865 -4848
3379 -22777
-4698 -5160
17221 5111
-14653 -9895
17154 11976
-23645 -19577
-15255 13814
-27826 4843
-7846 -29220
-22835 6790
-13972 -18416
-11592 -15235
-3954 -11249
-10503 12498
8431 10122
17394 2276
22035 19673
27657 342
-22328 5141
-4592 11449
-13873 1670
22134 -21509
23670 -352
8182 -24799
19543 -13374
-7221 9105
-14142 29890
-28468 7679
20488 -27068
19481 -24381
19931 -18137
-4996 19543
9369 -19251
1177 -13553
20856 13805
-1962 -28436
-18633 -24062
21355 17499
17762 -8948
27271 28714
5091 29568
-16831 -729
-5393 -24722
27558 -8557
-13138 -22575
25540 7485
4943 -4937
13038 24049
-2277 -23194
17006 -10255
29017 18746
-1858 28213
-25196 29766
-13215 -11440
-578 -11150
27170 21006
14735 -3208
22384 -364
16661 -13917
-17641 9119
23636 -4281
17507 16670
-20208 18151
12506 12531
4392 15134
13683 13116
-21385 13120
-1640 17495
-21583 25305
-17690 16110
1096 27380
12179 -462
1174 -22342
-13757 310
-13331 24793
176 -28581
-25922 -17952
-10629 -18725
23314 3226
-8882 -14358
-25396 9921
7025 21380
-12283 -8443
-657 2461
-15984 7724
-4758 -26997
23899 14675
27577 -5842
16697 -17807
-23808 -25011
20104 24160
-9691 -8285
-305 -8605
-27646 -6587
-6997 20695
20995 -13430
-9988 -18450
-2153 9878
24092 2870
-10938 -4111
14165 16812
6671 -5745
176 -28444
-1194 -20705
8104 -20799
-21132 24303
22149 11656
7535 -9819
-17265 -7965
-25882 -18563
18687 -18417
-26460 -28890
-7914 20487
-19903 8873
-11523 -5670
5037 15831
-18016 13017
-14909 1055
-23901 -2784
8644 2047
-24661 -2179
3209 -12655
-28033 -23189
25600 -654
-26868 10472
8859 -25427
26055 25352
6478 -25617
-22888 -5671
9626 5986
-26711 28832
-21594 -24514
-5405 6535
-8779 -2882
-25803 -20014
-29883 -28394
-6572 -8016
9675 -22090
1840 -6697
29908 -21577
-27819 -27242
20637 -26215
-26811 -4256
-13042 -28611
25464 26825
-2257 -842
24208 23901
6338 -29662
-20162 22944
27145 -22627
25518 9646
2347 -6683
-22619 -19972
23505 -18188
5788 -5186
837 27634
-10760 -6960
2041 357
-26053 -24573
-14876 -585
-26998 -26937
-5652 314
-28749 -23906
-12090 29788
14691 -5018
21819 29459
27291 2971
2985 5235
-3795 2772
9871 9347
-7686 -11752
15213 -23102
20082 16844
-15397 23122
-1523 -8442
206 21773
14830 -16105
-29865 22186
-4297 13332
-14868 9810
-21473 -5
-8166 -18666
-23339 26385
-11835 17902
16674 -18078
-19232 23631
-19465 -29743
-2399 21263
-2424 -17514
-8844 24388
7925 -28630
20090 26867
-9624 1790
-7433 20722
6415 -26413
25088 -14495
-27120 24832
-6854 2163
-6039 19374
-1879 29609
10003 26757
-11918 2434
9143 8294
2266 3651
-3677 21622
-14489 -27018
-9941 29941
17265 21828
-942 10935
17118 24058
10072 9556
-4065 -25137
-4483 1938
-14120 19127
19216 -14995
13720 -12850
28936 7478
20956 23508
-5341 -18251
-4743 -9278
28652 -15533
-17674 -28090
4344 -6686
23894 -6351
-24210 12040
-26120 3934
10711 -13858
-23522 -601
29050 24809
-29427 -18095
-3106 8233
9204 2888
-16808 -21502
-2631 -16112
-27967 -25926
10883 -10372
9069 23229
-11090 22531
-11737 16358
6765 -28232
2183 26214
5501 -23950
28633 451
3056 11256
26879 -3258
-16641 -19619
1138 21452
-17298 -9761
12200 -7239
-24415 13865
-22069 20521
26136 19340
5151 990
-11720 8438
-15867 -1230
-26640 19641
17099 -27176
17894 -23324
21472 18278
2169 -27935
27875 -10339
11824 11334
-9915 -7025
23916 11858
-17267 24259
29672 4134
-14593 -24357
6850 18656
-1252 -21878
-16062 9500
1500 -1587
27068 -17174
17165 -3878
-29061 18886
25014 20289
-17080 6567
-5298 16247
4353 -7546
-12763 15240
27131 24535
20303 -12051
-24747 22772
-2060 1976
-13383 -29556
-3010 27512
-6031 22893
-3218 8048
-1774 -1521
-25293 17718
-27249 -2671
-15353 -27317
-9487 3845
3530 29937
21223 -17014
23991 -29639
10952 29357
10858 -19502
-7282 -11785
-25777 -5043
-11118 16060
176 -17844
14688 26179
-2346 19255
-24236 1842
7170 1713
27982 -10431
-21099 16761
22624 -20138
-12299 1580
9416 -18784
11198 -16608
-19086 9967
-2046 7820
11525 22079
-26796 -13809
25467 14586
-2907 -279
28630 -26977
4778 4053
-22983 23971
-5148 2426
-19841 4635
-2029 2553
-6406 12159
-27956 27899
25164 -18827
10321 -21648
-6579 -28732
9173 -12650
17493 9826
-16873 25141
8704 16022
-7089 -3835
18207 -9553
28712 21354
-8031 -20581
28928 22168
17478 22623
-2256 29481
16519 20913
-26233 -21586
14363 9031
-3578 -7588
-7602 24027
10665 -11225
26216 21368
6294 -7741
26880 13851
8289 -23603
20184 -5489
-25110 -12616
-14691 27717
10655 -27002
2823 22519
-26074 -3672
-6970 28856
17712 -17222
7055 28715
-28413 -11332
-5006 1064
14811 28080
-12723 70
-18314 -13901
-19976 -20795
6335 -23240
-14534 19446
17111 7969
17644 -17370
4161 14593
6432 24223
16238 -28106
16225 -6919
15053 6103
-6462 27763
23320 11435
18912 -6008
-9885 -11753
-12577 -22645
141 2612
5214 29423
19962 11444
20841 -10169
-20632 20233
27399 -8022
-29834 -11037
-28210 13552
-3454 -7202
15429 868
-14027 -26029
-25852 -23780
-6543 -15429
25888 11592
10638 -1277
-17829 -15733
16830 19649
-11129 -6439
-8480 -77
13078 -21024
17268 22620
-13343 -26379
-20489 25732
19360 -26523
3697 9062
-24446 23730
-28633 -2593
998 -24481
26045 9644
28381 1082
14815 -12829
-8118 14804
-27031 -10830
-12383 0
-7761 -25683
-17103 -18654
5638 26037
-11762 10530
19080 -8306
-23823 -25362
2112 6057
-18733 13845
-10194 -13592
6826 3787
1645 -22285
28976 -19200
-114 -29159
-18829 8748
25706 -11718
14411 -18475
3841 -188
13292 21790
14165 -7648
-324 -7847
-10536 -12502
4882 28742
9575 19417
-20019 12690
20440 21615
-17287 -5616
18140 12964
20030 -26046
-1501 8413
-15745 -12230
-23452 28386
24097 -29039
951 24861
1897 -28008
-14880 -13542
20598 -12671
6154 -18609
-23713 18699
-3527 6478
28156 -19032
-13813 -6042
25515 14475
-27136 14207
1665 -2103
21074 28883
18126 -20674
25033 -25756
12638 6064
4323 -18755
10162 19717
-3991 9960
-20277 -25357
-12539 -12358
19821 19695
-10293 16418
-24571 18184
-26049 -19688
17925 -25541
2555 3769
-26735 17070
1523 -9042
-4491 -19444
-3517 26383
23899 786
-14162 8773
-5786 -489
18147 4381
-8025 17669
-13844 29264
-8762 -16103
5261 -2331
11580 -15286
6235 -11482
-28723 -5385
-15321 28676
-9300 -17284
-6701 -13526
11743 -26960
-24906 -19394
-13350 18131
-27885 -15577
-25766 19710
-21204 -10019
-3663 -24135
8371 9696
23505 24302
-22480 5819
194 20537
7101 -9210
9477 -26543
-5069 26205
-7134 9392
25732 22622
-10084 1402
-4291 27436
22154 -13179
-22100 -8680
9460 20482
-6345 26736
-3757 -29674
-17638 22479
11757 -20452
29504 9990
20819 13080
-8045 21424
25067 13192
-26097 21921
9459 -23474
3549 8915
6977 -6452
-11306 16920
-22632 11610
-23165 -16130
21272 6863
29233 12929
4217 4675
17522 15526
17205 5940
-17875 26843
-810 -3547
-20090 18364
26764 24989
967 -14063
-7232 22109
-21748 -24810
-21261 14459
-1910 -16020
13088 2100
-14813 28270
-2343 -18548
8713 -1342
18334 22321
-3748 9838
-27184 -22309
24266 -10984
13647 -3181
-18409 -7451
-19572 1406
28627 -12871
-17939 21134
8321 13500
-6310 7553
-15933 2751
-26147 18696
26505 -22702
4129 -5625
15766 4635
-22600 -9115
487 -6814
25122 19064
10089 18891
-9033 -8244
27414 -27972
7010 23542
19409 -23911